719 3
1053
2288 7
3310
5719 15
5765
6692 18
7666
8272 20
8308
11036 29
11104
11401 30
11414
11711 31
11730
12027 32
12049
12346 33
12360
12657 34
12682
12983 35
13023
13324 36
13366
13668 37
14971
16489 42
16533
16830 43
17726
18023 44
18152
18449 45
18488
18789 46
18889
19190 47
19479
19780 48
19811
20112 49
20138
20439 50
20968
21269 51
21707
22008 52
22554
22855 53
41271
41572 54
41606
41907 55
41936
42237 56
42360
42661 57
42914
43215 58
43632
43933 59
45433
45734 60
48247
48548 61
48574
48875 62
49008
49309 63
49332
51151 69
57093
57394 70
58678
60204 75
60238
60535 76
60561
64339 93
64408
66197 95
66220 96
66243 97
66271 98
66308 99
66332 97
66463
66760 96
66784 100
66872 98
67037 99
67113 100
67232 95
67240
68142 102
68251 103
68314
68915 104
68989
69289 103
71068
72292 110
72330
72640 111
72850
73160 112
73367
73677 113
73862
75085 117
75099
76009 120
76125
76440 121
76460
78003 126
78049
79596 131
79657
81173 136
81351
