1021 3
1355
2590 7
3624
6033 15
6079
7006 18
7980
8586 20
8622
11350 29
11418
11715 30
11728
12025 31
12044
12341 32
12363
12660 33
12674
12971 34
12996
13297 35
13337
13638 36
13680
13982 37
15297
16815 42
16859
17156 43
18052
18349 44
18478
18775 45
18814
19115 46
19215
19516 47
19805
20106 48
20137
20438 49
20464
20765 50
21294
21595 51
22033
22334 52
22880
23181 53
41596
41897 54
41931
42232 55
42261
42562 56
42685
42986 57
43239
43540 58
43956
44257 59
45757
46058 60
48571
48872 61
48898
49199 62
49332
49633 63
49656
51475 69
57417
57718 70
59001
60527 75
60561
60858 76
60884
64345 91
64414
65914 93
65937 94
65965 95
66002 96
66026 94
66157 95
66322 96
66398
67289 93
67313 97
67401 98
67510 99
67573 97
67692
68592 99
70371
71295 105
71333
71643 106
71853
72163 107
72370
72680 108
72865
74080 112
74094
75000 115
75116
75431 116
75451
76990 121
77036
78583 126
78644
80156 131
80334
