719 3
1053
2288 7
3371
5780 15
5826
6753 18
7727
8333 20
8369
11097 29
11165
11462 30
11475
11772 31
11791
12088 32
12110
12407 33
12421
12718 34
12743
13044 35
13084
13385 36
13427
13729 37
15093
16611 42
16655
16952 43
17848
18145 44
18274
18571 45
18610
18911 46
19011
19312 47
19601
19902 48
19933
20234 49
20260
20561 50
21090
21391 51
21829
22130 52
22676
22977 53
41392
41693 54
41727
42028 55
42057
42358 56
42481
42782 57
43035
43336 58
43753
44054 59
45554
45855 60
48368
48669 61
48695
48996 62
49129
49430 63
49453
51272 69
57214
57515 70
58799
60325 75
60359
60656 76
60682
64460 93
64529
66318 95
66341 96
66364 97
66392 98
66429 99
66453 97
66584 98
66749
67343 95
67351 96
67375 99
67451 100
67539 101
67648 100
67767
68669 102
68743 104
68806
69406 104
71185
72409 110
72447
72757 111
72967
73277 112
73484
73794 113
73979
75202 117
75216
76126 120
76242
76557 121
76577
78120 126
78166
79713 131
79774
81290 136
81468
