719 3
1053
2288 7
3318
5727 15
5817
7029 19
8322
9850 24
10824
11434 26
11470
14202 35
14270
14571 36
14584
14885 37
14904
15205 38
15227
15528 39
15542
15843 40
15868
16169 41
16209
16510 42
16552
16854 43
18165
19691 48
19735
20036 49
20932
21233 50
21362
21663 51
21702
22003 52
22103
22404 53
22693
22994 54
23025
23326 55
23352
23653 56
24182
24483 57
24921
25222 58
25768
26069 59
44485
44786 60
44820
45121 61
45150
45451 62
45574
45875 63
46128
46429 64
46845
47146 65
48647
48948 66
51461
51762 67
51788
52089 68
52222
52523 69
52546
54369 75
60311
60612 76
61896
63414 81
63448
63745 82
63771
67252 97
67321
68817 99
68840 100
68868 101
68905 102
68929 100
69060
69361 101
69526 102
69602 103
69690
70292 103
70411 99
70435 104
70544 105
70607
71507 105
73286
74210 111
74248
74558 112
74768
75078 113
75285
75595 114
75780
77003 118
77017
77927 121
78043
78358 122
78378
79921 127
79967
81510 132
81571
83083 137
83261
