719 3
1053
2288 7
3371
5780 15
5826
6753 18
7727
8333 20
8369
11097 29
11165
11462 30
11475
11772 31
11791
12088 32
12110
12407 33
12421
12718 34
12743
13044 35
13084
13385 36
13427
13729 37
15093
16611 42
16655
16952 43
17848
18145 44
18274
18571 45
18610
18911 46
19011
19312 47
19601
19902 48
19933
20234 49
20260
20561 50
21090
21391 51
21829
22130 52
22676
22977 53
41392
41693 54
41727
42028 55
42057
42358 56
42481
42782 57
43035
43336 58
43753
44054 59
45554
45925 20
45996 60
46032
46378 60
46443
54087 85
54175
