983 3
1317
2552 7
3586
5995 15
6041
6968 18
7942
8548 20
8584
11312 29
11380
11677 30
11690
11987 31
12006
12303 32
12325
12622 33
12636
12933 34
12958
13259 35
13299
13600 36
13642
13944 37
15259
16777 42
16821
17118 43
18014
18311 44
18440
18737 45
18776
19077 46
19177
19478 47
19767
20068 48
20099
20400 49
20426
20727 50
21256
21557 51
21995
22296 52
22842
23143 53
41558
41859 54
41893
42194 55
42223
42524 56
42647
42948 57
43201
43502 58
43918
44219 59
45719
46020 60
48533
48834 61
48860
49161 62
49294
49595 63
49618
51437 69
57379
57680 70
58964
60490 75
60524
60821 76
60847
64308 91
64377
65877 93
65900 94
65928 95
65965 96
65989 94
66120 95
66285 96
66361
67252 93
67276 97
67298 98
67317 99
67335 97
67401 98
67491 99
67536 97
67655
68555 99
70334
71258 105
71296
71606 106
71816
72126 107
72333
72643 108
72828
74043 112
74057
74963 115
75079
75394 116
75414
76953 121
76999
78546 126
78607
80119 131
80297
