719 3
1053
2288 7
3310
5719 15
5765
6692 18
7666
8272 20
8308
11036 29
11104
11401 30
11414
11711 31
11730
12027 32
12049
12346 33
12360
12657 34
12682
12983 35
13023
13324 36
13366
13668 37
14971
16489 42
16533
16830 43
17726
18023 44
18152
18449 45
18488
18789 46
18889
19190 47
19479
19780 48
19811
20112 49
20138
20439 50
20968
21269 51
21707
22008 52
22554
22855 53
41271
41572 54
41606
41907 55
41936
42237 56
42360
42661 57
42914
43215 58
43631
43932 59
45432
45733 60
48246
48547 61
48573
48874 62
49007
49308 63
49331
51150 69
57092
57393 70
58677
60203 75
60237
60534 76
60560
64338 93
64407
66196 95
66219 96
66242 97
66270 98
66307 99
66331 97
66462 98
66627
67221 95
67229 96
67253 99
67329 100
67417 101
67526 100
67645
68547 102
68621 104
68684
69284 104
71063
72287 110
72325
72635 111
72845
73155 112
73362
73672 113
73857
75080 117
75094
76008 120
76057
76655 122
76771
77687 125
77707
79250 130
79296
80843 135
80904
82420 140
82598
