719 3
1053
2288 7
3323
5732 15
5822
7034 19
8294
9822 24
10796
11406 26
11442
14174 35
14242
14543 36
14556
14857 37
14876
15177 38
15199
15500 39
15514
15815 40
15840
16141 41
16181
16482 42
16524
16826 43
18142
19668 48
19712
20013 49
20909
21210 50
21339
21640 51
21679
21980 52
22080
22381 53
22670
22971 54
23002
23303 55
23329
23630 56
24159
24460 57
24898
25199 58
25745
26046 59
44461
44762 60
44796
45097 61
45126
45427 62
45550
45851 63
46104
46405 64
46822
47123 65
48624
48925 66
51438
51739 67
51765
52066 68
52199
52500 69
52523
54346 75
60288
60589 76
61873
63391 81
63425
63722 82
63748
67229 97
67298
68794 99
68817 100
68845 101
68882 102
68906 100
69037 101
69202 99
69226 102
69302
69904 103
69992 104
70101
70702 103
70821 106
70884
71484 106
73263
74187 111
74225
74535 112
74745
75055 113
75262
75572 114
75757
76980 118
76994
77904 121
78020
78335 122
78355
79898 127
79944
81487 132
81548
83060 137
83238
