719 3
1053
2288 7
3317
5726 15
5772
6699 18
7673
8279 20
8315
11043 29
11111
11408 30
11421
11718 31
11737
12034 32
12056
12353 33
12367
12664 34
12689
12990 35
13030
13331 36
13373
13675 37
14985
16503 42
16547
16844 43
17740
18037 44
18166
18463 45
18502
18803 46
18903
19204 47
19493
19794 48
19825
20126 49
20152
20453 50
20982
21283 51
21721
22022 52
22568
22869 53
41284
41585 54
41619
41920 55
41949
42250 56
42373
42674 57
42927
43228 58
43644
43945 59
45445
45746 60
48259
48560 61
48586
48887 62
49020
49321 63
49344
51163 69
57105
57406 70
58690
60216 75
60250
60547 76
60573
64351 93
64420
66209 95
66232 96
66255 97
66283 98
66320 99
66344 97
66475 98
66640
67234 95
67242 96
67266 99
67342 100
67430 101
67539 100
67658
69160 102
69234 104
71076
72300 110
72338
72648 111
72858
73168 112
73375
73685 113
73870
75093 117
75107
76017 120
76133
76448 121
76468
78011 126
78057
79604 131
79665
81181 136
81359
