719 3
1053
2288 7
3371
5780 15
5826
6753 18
7727
8333 20
8369
11097 29
11165
11462 30
11475
11772 31
11791
12088 32
12110
12407 33
12421
12718 34
12743
13044 35
13084
13385 36
13427
13729 37
15093
16611 42
16655
16952 43
17848
18145 44
18274
18571 45
18610
18911 46
19011
19312 47
19601
19902 48
19933
20234 49
20260
20561 50
21090
21391 51
21829
22130 52
22676
22977 53
41393
41694 54
41728
42029 55
42058
42359 56
42482
42783 57
43036
43337 58
43754
44055 59
45555
45856 60
48369
48670 61
48696
48997 62
49130
49431 63
49454
51273 69
57215
57516 70
58800
60326 75
60360
60657 76
60683
64461 93
64530
66319 95
66342 96
66365 97
66393 98
66430 99
66454 97
66585 98
66750
67344 95
67352 96
67376 99
67452 100
67540 101
67649 100
67768
68670 102
68744 104
68807
69407 104
71186
71486 102
132593
132893 108
132917
133541 110
133579
133889 111
134099
134409 112
134616
134926 113
135111
139851 128
140029
