996 3
1330
2565 7
3599
6008 15
6054
6981 18
7955
8561 20
8597
11325 29
11393
11690 30
11703
12000 31
12019
12316 32
12338
12635 33
12649
12946 34
12971
13272 35
13312
13613 36
13655
13957 37
15272
16790 42
16834
17131 43
18027
18324 44
18453
18750 45
18789
19090 46
19190
19491 47
19780
20081 48
20112
20413 49
20439
20740 50
21269
21570 51
22008
22309 52
22855
23156 53
41571
41872 54
41906
42207 55
42236
42537 56
42660
42961 57
43214
43515 58
43932
44233 59
45733
46034 60
48547
48848 61
48874
49175 62
49308
49609 63
49632
51451 69
57393
57694 70
58978
60504 75
60538
60835 76
60861
64639 93
64708
66497 95
66520 96
66543 97
66571 98
66608 99
66632 97
66763 98
66928
67522 95
67530 96
67554 100
67642 101
67751 99
67827 100
67946
68848 102
68922
69522 104
71364
72588 110
72626
72936 111
73146
73456 112
73663
73973 113
74158
75381 117
75395
76309 120
76358
76956 122
77072
77988 125
78008
79551 130
79597
81144 135
81205
82721 140
82899
