744 3
1078
2313 7
3350
5759 15
5805
6732 18
7706
8312 20
8348
11076 29
11144
11441 30
11454
11751 31
11770
12067 32
12089
12386 33
12400
12697 34
12722
13023 35
13063
13364 36
13406
13708 37
15026
16544 42
16588
16885 43
17781
18078 44
18207
18504 45
18543
18844 46
18944
19245 47
19534
19835 48
19866
20167 49
20193
20494 50
21023
21324 51
21762
22063 52
22609
22910 53
41325
41626 54
41660
41961 55
41990
42291 56
42414
42715 57
42968
43269 58
43686
43987 59
45487
45788 60
48301
48602 61
48628
48929 62
49062
49363 63
49386
51205 69
57147
57448 70
58731
60257 75
60291
60588 76
60614
64075 91
64144
65644 93
65667 94
65695 95
65732 96
65756 95
65921
66218 97
66327 94
66458 96
66534
67424 98
67512 100
67575 98
67694
67994 100
69712 93
69736
70036 100
70097
71021 105
71059
71369 106
71579
71889 107
72096
72406 108
72591
73806 112
73820
74726 115
74842
75157 116
75177
76716 121
76762
78309 126
78370
79882 131
80060
