996 3
1332
2567 7
3725
6134 15
6180
7107 18
8095
8701 20
8737
11465 29
11535
11832 30
11845
12142 31
12161
12458 32
12480
12777 33
12791
13088 34
13113
13414 35
13454
13755 36
13797
14099 37
15369
16887 42
16931
17228 43
18124
18421 44
18550
18847 45
18888
19189 46
19289
19590 47
19879
20180 48
20211
20512 49
20538
20839 50
21368
21669 51
22107
22408 52
22954
23255 53
41670
41971 54
42005
42306 55
42335
42636 56
42759
43060 57
43313
43614 58
44031
44332 59
45832
46133 60
48646
48947 61
48973
49274 62
49407
49708 63
49731
51550 69
57492
57793 70
59077
60603 75
60637
60934 76
60960
64738 93
64807
66596 95
66619 96
66642 97
66670 98
66707 99
66731 97
66862 98
67027
67621 95
67629 99
67705 100
67793 101
67902 100
68023 96
68047
68649 102
68723 103
68786
69686 103
71465
72689 110
72727
73037 111
73249
73559 112
73768
74078 113
74265
76097 119
76217
76532 120
76552
78091 125
78137
79688 130
79749
81261 135
81439
