744 3
1078
2313 7
3346
5755 15
5801
6728 18
7702
8308 20
8344
11072 29
11140
11437 30
11450
11747 31
11766
12063 32
12085
12382 33
12396
12693 34
12718
13019 35
13059
13360 36
13402
13704 37
15148
16666 42
16710
17007 43
17903
18200 44
18329
18626 45
18665
18966 46
19066
19367 47
19656
19957 48
19988
20289 49
20315
20616 50
21145
21446 51
21884
22185 52
22731
23032 53
41448
41749 54
41783
42084 55
42113
42414 56
42537
42838 57
43091
43392 58
43809
44110 59
45610
45911 60
48424
48725 61
48751
49052 62
49185
49486 63
49509
51328 69
57270
57571 70
58855
60381 75
60415
60712 76
60738
64199 91
64268
65768 93
65791 94
65819 95
65856 96
65880 94
66011 95
66176 96
66252
67143 93
67167 97
67189 98
67208 99
67226 97
67292 98
67382 99
67427 97
67546
68446 99
70225
71149 105
71187
71497 106
71707
72017 107
72224
72534 108
72719
73934 112
73948
74858 115
74907
75513 117
75629
76549 120
76569
78108 125
78154
79705 130
79766
81278 135
81456
